%YAML:1.0
cfg_avt_0: 0.
cfg_avt_1: 2.
cfg_avt_2: 3.9999999105930328e-02
cfg_avt_3: 1.1110999621450901e-02
cfg_avt_4: 9999.
cfg_avt_5: -9999.
cfg_avt_6: 9999.
cfg_avt_7: -9999.
cfg_avt_8: 3.
cfg_avt_9: 7.
cfg_avt_10: 0.
cfg_avt_11: 0.
cfg_avt_12: 1.
cfg_avt_13: 320.
cfg_avt_14: 180.
cfg_avt_15: 0.
cfg_avt_16: 0.
cfg_avt_17: 1.
cfg_avt_18: 0.
cfg_avt_19: 0.
cfg_avt_20: 0.
cfg_avt_21: 0.
cfg_avt_22: 3.5000000000000000e+00
cfg_avt_23: 1.
cfg_avt_24: 0.
cfg_avt_25: 0.
cfg_avt_26: 0.
cfg_avt_27: 0.
cfg_avt_28: 3.5000000000000000e+00
cfg_avt_29: 0.
cfg_avt_30: 0.
cfg_avt_31: 0.
cfg_avt_32: 0.
cfg_avt_33: 5.0000000000000000e-01
cfg_avt_34: 5.0000000000000000e-01
cfg_avt_35: 1.4299999475479126e+00
cfg_avt_36: 1.4299999475479126e+00
cfg_avt_37: 1.5000000596046448e-01
cfg_avt_38: 14.
cfg_avt_39: 12.
cfg_avt_40: 0.
cfg_avt_41: 0.
cfg_avt_42: 0.
cfg_avt_43: 0.
cfg_avt_44: 0.
cfg_avt_45: 0.
cfg_avt_46: 0.
cfg_avt_47: 0.
cfg_avt_48: 0.
cfg_avt_49: 1.
cfg_avt_50: 2.
cfg_avt_51: 3.
cfg_avt_52: 4.
cfg_avt_53: 5.
cfg_avt_54: 6.
cfg_avt_55: 7.
cfg_avt_56: 8.
cfg_avt_57: 9.
cfg_avt_58: 10.
cfg_avt_59: 11.
cfg_avt_60: 12.
cfg_avt_61: 0.
cfg_avt_62: 0.
cfg_avt_63: 0.
cfg_avt_64: 0.
cfg_avt_65: 1.
cfg_avt_66: 5.
cfg_avt_67: 6.
cfg_avt_68: 3.
cfg_avt_69: 0.
cfg_avt_70: 0.
cfg_avt_71: 0.
cfg_avt_72: 0.
cfg_avt_73: 0.
cfg_avt_74: 0.
cfg_avt_75: 0.
cfg_avt_76: 0.
cfg_avt_77: 0.
cfg_avt_78: 0.
cfg_avt_79: 0.
cfg_avt_80: 0.
cfg_avt_81: 0.
cfg_avt_82: 0.
cfg_avt_83: 0.
cfg_avt_84: 0.
cfg_avt_85: 0.
cfg_avt_86: 0.
cfg_avt_87: 0.
cfg_avt_88: 0.
cfg_avt_89: 0.
cfg_avt_90: 0.
cfg_avt_91: 0.
cfg_avt_92: 0.
cfg_avt_93: 0.
cfg_avt_94: 0.
cfg_avt_95: 0.
cfg_avt_96: 0.
cfg_avt_97: 0.
cfg_avt_98: 0.
cfg_avt_99: 0.
cfg_avt_100: 0.
cfg_avt_101: 0.
cfg_avt_102: 0.
cfg_avt_103: 0.
cfg_avt_104: 0.
cfg_avt_105: 0.
cfg_avt_106: 0.
cfg_avt_107: 0.
cfg_avt_108: 0.
cfg_avt_109: 0.
cfg_avt_110: 0.
cfg_avt_111: 0.
cfg_avt_112: 0.
cfg_avt_113: 0.
cfg_avt_114: 0.
cfg_avt_115: 0.
cfg_avt_116: 0.
cfg_avt_117: 0.
cfg_avt_118: 0.
cfg_avt_119: 0.
cfg_avt_120: 0.
cfg_avt_121: 0.
cfg_avt_122: 0.
cfg_avt_123: 0.
cfg_avt_124: 0.
cfg_avt_125: 0.
cfg_avt_126: 0.
cfg_avt_127: 0.
cfg_avt_128: 3.4999999403953552e-01
cfg_avt_129: 3.7999999523162842e-01
cfg_avt_130: 1.2500000186264515e-02
cfg_avt_131: 80.
cfg_avt_132: 12000.
cfg_avt_133: 10.
cfg_avt_134: 1.
cfg_avt_135: 3.
cfg_avt_136: 1.
cfg_avt_137: 20.
cfg_avt_138: 15.
cfg_avt_139: 10.
cfg_avt_140: 10.
cfg_avt_141: 500.
cfg_avt_142: 400.
cfg_avt_143: 0.
cfg_avt_144: 384.
cfg_avt_145: 192.
cfg_avt_146: 128.
cfg_avt_147: 30.
cfg_avt_148: 1.2000000476837158e+00
cfg_avt_149: 1.
cfg_avt_150: 1.
cfg_avt_151: 100.
cfg_avt_152: 1.
cfg_avt_153: 0.
cfg_avt_154: 12.
cfg_avt_155: 12.
cfg_avt_156: 0.
cfg_avt_157: 1.
cfg_avt_158: 0.
cfg_avt_159: 1.
cfg_avt_160: 1.
cfg_avt_161: 400.
cfg_avt_162: 40.
cfg_avt_163: 5.0000000000000000e-01
cfg_avt_164: 15.
cfg_avt_165: 30.
cfg_avt_166: 2.5000000000000000e-01
cfg_avt_167: 1.
cfg_avt_168: 4.
cfg_avt_169: 3.
cfg_avt_170: 5.0000000000000000e-01
cfg_avt_171: 4.0000000596046448e-01
cfg_avt_172: 7.9999998211860657e-02
cfg_avt_173: 2.5000000000000000e+00
cfg_avt_174: 9.9999997473787516e-06
cfg_avt_175: 2.4999999441206455e-03
cfg_avt_176: 1.
cfg_avt_177: 4.
cfg_avt_178: 10.
cfg_avt_179: 80.
cfg_avt_180: 3600.
cfg_avt_181: 6.
cfg_avt_182: 16.
cfg_avt_183: 1.2500000000000000e+00
cfg_avt_184: 50.
cfg_avt_185: 1.
cfg_avt_186: 0.
cfg_avt_187: 0.
cfg_avt_188: 0.
cfg_avt_189: 0.
cfg_avt_190: 0.
cfg_avt_191: 0.
cfg_avt_192: 0.
cfg_avt_193: 0.
cfg_avt_194: 1.
cfg_avt_195: 16777215.
cfg_avt_196: 255.
cfg_avt_197: 0.
cfg_avt_198: 16.
cfg_avt_199: 1.
cfg_avt_200: 2.
cfg_avt_201: 200.
cfg_avt_202: 200.
cfg_avt_203: 100.
cfg_avt_204: 100.
cfg_avt_205: 200.
cfg_avt_206: 200.
cfg_avt_207: 200.
cfg_avt_208: 200.
cfg_avt_209: 200.
cfg_avt_210: 200.
cfg_avt_211: 200.
cfg_avt_212: 200.
cfg_avt_213: 200.
cfg_avt_214: 200.
cfg_avt_215: 200.
cfg_avt_216: 200.
cfg_avt_217: 80.
cfg_avt_218: 60.
cfg_avt_219: 60.
cfg_avt_220: 60.
cfg_avt_221: 60.
cfg_avt_222: 60.
cfg_avt_223: 80.
cfg_avt_224: 60.
cfg_avt_225: 60.
cfg_avt_226: 60.
cfg_avt_227: 60.
cfg_avt_228: 60.
cfg_avt_229: 0.
cfg_avt_230: 0.
cfg_avt_231: 0.
cfg_avt_232: 0.
cfg_avt_233: 0.
cfg_avt_234: 0.
cfg_avt_235: 0.
cfg_avt_236: 0.
cfg_avt_237: 0.
cfg_avt_238: 0.
cfg_avt_239: 0.
cfg_avt_240: 0.
cfg_avt_241: 0.
cfg_avt_242: 0.
cfg_avt_243: 0.
cfg_avt_244: 0.
cfg_avt_245: 0.
cfg_avt_246: 0.
cfg_avt_247: 0.
cfg_avt_248: 0.
cfg_avt_249: 0.
cfg_avt_250: 0.
cfg_avt_251: 0.
cfg_avt_252: 0.
cfg_avt_253: 0.
cfg_avt_254: 0.
cfg_avt_255: 0.
