%YAML:1.0
cfg_avt_0: 0
cfg_avt_1: 2
cfg_avt_2: 0.010000
cfg_avt_3: 0.011111
cfg_avt_4: 9999.000000
cfg_avt_5: -9999.000000
cfg_avt_6: 9999.000000
cfg_avt_7: -9999.000000
cfg_avt_8: 3
cfg_avt_9: 7
cfg_avt_10: 0
cfg_avt_11: 0
cfg_avt_12: 1
cfg_avt_13: 350
cfg_avt_14: 200
cfg_avt_15: 0

cfg_avt_16: 0
cfg_avt_17: 1
cfg_avt_18: 0
cfg_avt_19: 0
cfg_avt_20: 0
cfg_avt_21: 0
cfg_avt_22: 8
cfg_avt_23: 1
cfg_avt_24: 0
cfg_avt_25: 0
cfg_avt_26: 0
cfg_avt_27: 0
cfg_avt_28: 5.5
cfg_avt_29: 0
cfg_avt_30: 0
cfg_avt_31: 0

cfg_avt_32: 0
cfg_avt_33: 0.500000
cfg_avt_34: 0.500000
cfg_avt_35: 1.43
cfg_avt_36: 1.43
cfg_avt_37: 0.15
cfg_avt_38: 25.000000
cfg_avt_39: 20.000000
cfg_avt_40: 0
cfg_avt_41: 0
cfg_avt_42: 0
cfg_avt_43: 0
cfg_avt_44: 0
cfg_avt_45: 0
cfg_avt_46: 0
cfg_avt_47: 0

cfg_avt_48: 0
cfg_avt_49: 0
cfg_avt_50: 1
cfg_avt_51: 2
cfg_avt_52: 3
cfg_avt_53: 4
cfg_avt_54: 5
cfg_avt_55: 6
cfg_avt_56: 7
cfg_avt_57: 8
cfg_avt_58: 9
cfg_avt_59: 10
cfg_avt_60: 11
cfg_avt_61: 0
cfg_avt_62: 0
cfg_avt_63: 0

cfg_avt_64: 0
cfg_avt_65: 1
cfg_avt_66: 5
cfg_avt_67: 6
cfg_avt_68: 3
cfg_avt_69: 100
cfg_avt_70: 0
cfg_avt_71: 0
cfg_avt_72: 0
cfg_avt_73: 0
cfg_avt_74: 0
cfg_avt_75: 0
cfg_avt_76: 0
cfg_avt_77: 0
cfg_avt_78: 0
cfg_avt_79: 0

cfg_avt_80: 0
cfg_avt_81: 0
cfg_avt_82: 0
cfg_avt_83: 0
cfg_avt_84: 0
cfg_avt_85: 0
cfg_avt_86: 0
cfg_avt_87: 0
cfg_avt_88: 0
cfg_avt_89: 0
cfg_avt_90: 0
cfg_avt_91: 0
cfg_avt_92: 0
cfg_avt_93: 0
cfg_avt_94: 0
cfg_avt_95: 0

cfg_avt_96: 0
cfg_avt_97: 0
cfg_avt_98: 0
cfg_avt_99: 0
cfg_avt_100: 0
cfg_avt_101: 0
cfg_avt_102: 0
cfg_avt_103: 0
cfg_avt_104: 0
cfg_avt_105: 0
cfg_avt_106: 0
cfg_avt_107: 0
cfg_avt_108: 0
cfg_avt_109: 0
cfg_avt_110: 0
cfg_avt_111: 0

cfg_avt_112: 0
cfg_avt_113: 0
cfg_avt_114: 0
cfg_avt_115: 0
cfg_avt_116: 0
cfg_avt_117: 0
cfg_avt_118: 0
cfg_avt_119: 0
cfg_avt_120: 0
cfg_avt_121: 0
cfg_avt_122: 0
cfg_avt_123: 0
cfg_avt_124: 0
cfg_avt_125: 0
cfg_avt_126: 0
cfg_avt_127: 0

cfg_avt_128: 0.35
cfg_avt_129: 0.38
cfg_avt_130: 0.0125
cfg_avt_131: 80
cfg_avt_132: 12000
cfg_avt_133: 10
cfg_avt_134: 1
cfg_avt_135: 3.0
cfg_avt_136: 1
cfg_avt_137: 20
cfg_avt_138: 15
cfg_avt_139: 10
cfg_avt_140: 10
cfg_avt_141: 500
cfg_avt_142: 400
cfg_avt_143: 0

cfg_avt_144: 384
cfg_avt_145: 192
cfg_avt_146: 128
cfg_avt_147: 30
cfg_avt_148: 1.2
cfg_avt_149: 1
cfg_avt_150: 1
cfg_avt_151: 100
cfg_avt_152: 1
cfg_avt_153: 0
cfg_avt_154: 12
cfg_avt_155: 12
cfg_avt_156: 0
cfg_avt_157: 1
cfg_avt_158: 0
cfg_avt_159: 1

cfg_avt_160: 1.0
cfg_avt_161: 400
cfg_avt_162: 40
cfg_avt_163: 0.5
cfg_avt_164: 15
cfg_avt_165: 30
cfg_avt_166: 0.25
cfg_avt_167: 1
cfg_avt_168: 4.0
cfg_avt_169: 3.0
cfg_avt_170: 0.5
cfg_avt_171: 0.4
cfg_avt_172: 0.08
cfg_avt_173: 2.5
cfg_avt_174: 0.00001
cfg_avt_175: 0.0025

cfg_avt_176: 1
cfg_avt_177: 4.0
cfg_avt_178: 10
cfg_avt_179: 80
cfg_avt_180: 3600
cfg_avt_181: 6
cfg_avt_182: 16
cfg_avt_183: 1.25
cfg_avt_184: 50
cfg_avt_185: 1
cfg_avt_186: 0
cfg_avt_187: 0
cfg_avt_188: 0
cfg_avt_189: 0
cfg_avt_190: 0
cfg_avt_191: 0

cfg_avt_192: 0
cfg_avt_193: 0
cfg_avt_194: 1
cfg_avt_195: 0xFFFFFF
cfg_avt_196: 0xFF
cfg_avt_197: 0
cfg_avt_198: 16
cfg_avt_199: 1
cfg_avt_200: 2
cfg_avt_201: 80
cfg_avt_202: 80
cfg_avt_203: 100
cfg_avt_204: 100
cfg_avt_205: 80
cfg_avt_206: 200
cfg_avt_207: 200

cfg_avt_208: 200
cfg_avt_209: 200
cfg_avt_210: 200
cfg_avt_211: 80
cfg_avt_212: 200
cfg_avt_213: 200
cfg_avt_214: 200
cfg_avt_215: 200
cfg_avt_216: 200
cfg_avt_217: 80
cfg_avt_218: 60
cfg_avt_219: 60
cfg_avt_220: 60
cfg_avt_221: 60
cfg_avt_222: 60
cfg_avt_223: 80

cfg_avt_224: 60
cfg_avt_225: 60
cfg_avt_226: 60
cfg_avt_227: 60
cfg_avt_228: 60
cfg_avt_229: 0
cfg_avt_230: 0
cfg_avt_231: 0
cfg_avt_232: 0
cfg_avt_233: 0
cfg_avt_234: 0
cfg_avt_235: 0
cfg_avt_236: 0
cfg_avt_237: 0
cfg_avt_238: 0
cfg_avt_239: 0

